(kicad_pcb (version 20171130) (host pcbnew "(5.0.1)-3")

  (general
    (thickness 1.6)
    (drawings 12)
    (tracks 971)
    (zones 0)
    (modules 314)
    (nets 283)
  )

  (page A4)
  (layers
    (0 F.Cu signal)
    (31 B.Cu signal)
    (32 B.Adhes user)
    (33 F.Adhes user)
    (34 B.Paste user)
    (35 F.Paste user)
    (36 B.SilkS user)
    (37 F.SilkS user)
    (38 B.Mask user)
    (39 F.Mask user)
    (40 Dwgs.User user)
    (41 Cmts.User user)
    (42 Eco1.User user)
    (43 Eco2.User user)
    (44 Edge.Cuts user)
    (45 Margin user)
    (46 B.CrtYd user)
    (47 F.CrtYd user)
    (48 B.Fab user)
    (49 F.Fab user hide)
  )

  (setup
    (last_trace_width 0.25)
    (trace_clearance 0.2)
    (zone_clearance 0.508)
    (zone_45_only no)
    (trace_min 0.2)
    (segment_width 0.2)
    (edge_width 0.15)
    (via_size 0.8)
    (via_drill 0.4)
    (via_min_size 0.4)
    (via_min_drill 0.3)
    (uvia_size 0.3)
    (uvia_drill 0.1)
    (uvias_allowed no)
    (uvia_min_size 0.2)
    (uvia_min_drill 0.1)
    (pcb_text_width 0.3)
    (pcb_text_size 1.5 1.5)
    (mod_edge_width 0.15)
    (mod_text_size 1 1)
    (mod_text_width 0.15)
    (pad_size 1.05 0.95)
    (pad_drill 0)
    (pad_to_mask_clearance 0.2)
    (solder_mask_min_width 0.25)
    (aux_axis_origin 0 0)
    (visible_elements 7FFFF7FF)
    (pcbplotparams
      (layerselection 0x010fc_ffffffff)
      (usegerberextensions false)
      (usegerberattributes false)
      (usegerberadvancedattributes false)
      (creategerberjobfile false)
      (excludeedgelayer true)
      (linewidth 0.100000)
      (plotframeref false)
      (viasonmask false)
      (mode 1)
      (useauxorigin false)
      (hpglpennumber 1)
      (hpglpenspeed 20)
      (hpglpendiameter 15.000000)
      (psnegative false)
      (psa4output false)
      (plotreference true)
      (plotvalue true)
      (plotinvisibletext false)
      (padsonsilk false)
      (subtractmaskfromsilk false)
      (outputformat 1)
      (mirror false)
      (drillshape 1)
      (scaleselection 1)
      (outputdirectory ""))
  )

  (net 0 "")
  (net 1 /~RESET)
  (net 2 GND)
  (net 3 "Net-(C6-Pad1)")
  (net 4 "Net-(C7-Pad1)")
  (net 5 "Net-(C8-Pad1)")
  (net 6 "Net-(C9-Pad1)")
  (net 7 "Net-(C10-Pad1)")
  (net 8 +5V)
  (net 9 "Net-(C17-Pad1)")
  (net 10 "Net-(C18-Pad1)")
  (net 11 "Net-(C19-Pad1)")
  (net 12 "Net-(C20-Pad1)")
  (net 13 "Net-(C23-Pad2)")
  (net 14 /USB_Serial/USBVCC)
  (net 15 "Net-(C25-Pad2)")
  (net 16 /USB_Serial/USB_GND)
  (net 17 "Net-(C27-Pad1)")
  (net 18 /USB_Serial/DTR)
  (net 19 "Net-(C31-Pad1)")
  (net 20 "Net-(C32-Pad1)")
  (net 21 +3V3)
  (net 22 "Net-(C35-Pad1)")
  (net 23 /Ethernet/AGND)
  (net 24 "Net-(C36-Pad1)")
  (net 25 /Ethernet/AVDD)
  (net 26 /Ethernet/RX+)
  (net 27 "Net-(C43-Pad1)")
  (net 28 /Ethernet/RX-)
  (net 29 /USB_Serial/RXL)
  (net 30 "Net-(D5-Pad2)")
  (net 31 "Net-(D6-Pad2)")
  (net 32 /USB_Serial/TXL)
  (net 33 +24V)
  (net 34 /RX_MDB)
  (net 35 "Net-(J1-Pad5)")
  (net 36 /RFID_RX)
  (net 37 /RFID_TX)
  (net 38 /RFID_LED)
  (net 39 /DOOR_SW)
  (net 40 /BEEPER)
  (net 41 /BTN_ENC)
  (net 42 /LCD_SDA)
  (net 43 /LCD_CS)
  (net 44 /LCD_SCL)
  (net 45 /LCD_PB)
  (net 46 "Net-(J8-Pad7)")
  (net 47 "Net-(J8-Pad6)")
  (net 48 /BTN_EN1)
  (net 49 "Net-(J8-Pad4)")
  (net 50 /BTN_EN2)
  (net 51 "Net-(J8-Pad2)")
  (net 52 "Net-(J8-Pad1)")
  (net 53 /MISO)
  (net 54 /SCK)
  (net 55 /MOSI)
  (net 56 /MotorPower/row_a_motor)
  (net 57 /MotorPower/row_b_motor)
  (net 58 /MotorPower/row_c_motor)
  (net 59 /MotorPower/row_d_motor)
  (net 60 /MotorPower/row_e_motor)
  (net 61 /MotorPower/row_f_motor)
  (net 62 /MotorPower/row_g_motor)
  (net 63 /MotorPower/row_h_motor)
  (net 64 /MotorPower/col_8_motor)
  (net 65 /MotorPower/col_7_motor)
  (net 66 /MotorPower/col_6_motor)
  (net 67 /MotorPower/col_5_motor)
  (net 68 /MotorPower/col_4_motor)
  (net 69 /MotorPower/col_3_motor)
  (net 70 /MotorPower/col_2_motor)
  (net 71 /MotorPower/col_1_motor)
  (net 72 /TX_DISPLAY)
  (net 73 /RX_DISPLAY)
  (net 74 /RESET_DISPLAY)
  (net 75 "Net-(J12-Pad6)")
  (net 76 "Net-(J12-Pad8)")
  (net 77 "Net-(J12-Pad10)")
  (net 78 /RFID_DATA_1)
  (net 79 /RFID_DATA_0)
  (net 80 /RFID_GREEN_LED)
  (net 81 /RFID_RED_LED)
  (net 82 /RFID_BEEP)
  (net 83 "Net-(J14-Pad1)")
  (net 84 "Net-(J14-Pad2)")
  (net 85 "Net-(J14-Pad3)")
  (net 86 "Net-(J14-Pad4)")
  (net 87 "Net-(J14-Pad5)")
  (net 88 "Net-(J14-Pad6)")
  (net 89 "Net-(J14-Pad7)")
  (net 90 "Net-(J14-Pad8)")
  (net 91 "Net-(J14-Pad9)")
  (net 92 "Net-(J14-Pad10)")
  (net 93 "Net-(J14-Pad11)")
  (net 94 "Net-(J14-Pad12)")
  (net 95 "Net-(J14-Pad13)")
  (net 96 "Net-(J14-Pad14)")
  (net 97 "Net-(J14-Pad15)")
  (net 98 "Net-(J14-Pad16)")
  (net 99 "Net-(J14-Pad17)")
  (net 100 "Net-(J14-Pad18)")
  (net 101 "Net-(J14-Pad19)")
  (net 102 "Net-(J14-Pad20)")
  (net 103 "Net-(J14-Pad21)")
  (net 104 "Net-(J14-Pad22)")
  (net 105 "Net-(J14-Pad23)")
  (net 106 "Net-(J14-Pad24)")
  (net 107 "Net-(J14-Pad25)")
  (net 108 "Net-(J14-Pad26)")
  (net 109 "Net-(J14-Pad27)")
  (net 110 "Net-(J14-Pad28)")
  (net 111 "Net-(J14-Pad29)")
  (net 112 "Net-(J14-Pad30)")
  (net 113 /USB_Serial/MISO2)
  (net 114 /USB_Serial/SCK2)
  (net 115 /USB_Serial/MOSI2)
  (net 116 /USB_Serial/~RESET2)
  (net 117 /USB_Serial/8PB4)
  (net 118 /USB_Serial/8PB6)
  (net 119 /USB_Serial/8PB5)
  (net 120 /USB_Serial/8PB7)
  (net 121 "Net-(JP1-Pad2)")
  (net 122 "Net-(JP2-Pad2)")
  (net 123 "Net-(Q1-Pad1)")
  (net 124 /c1)
  (net 125 /MotorPower/motor_common_gnd)
  (net 126 /c5)
  (net 127 "Net-(Q4-Pad1)")
  (net 128 "Net-(Q5-Pad1)")
  (net 129 /c2)
  (net 130 /c6)
  (net 131 "Net-(Q10-Pad3)")
  (net 132 "Net-(Q10-Pad1)")
  (net 133 "Net-(Q11-Pad1)")
  (net 134 /c3)
  (net 135 /c7)
  (net 136 "Net-(Q16-Pad1)")
  (net 137 "Net-(Q16-Pad3)")
  (net 138 "Net-(Q17-Pad1)")
  (net 139 "Net-(Q17-Pad3)")
  (net 140 /c4)
  (net 141 /c8)
  (net 142 "Net-(Q22-Pad1)")
  (net 143 "Net-(Q23-Pad1)")
  (net 144 /SDA)
  (net 145 /SCL)
  (net 146 /TX_MDB)
  (net 147 /XTAL1)
  (net 148 /XTAL2)
  (net 149 "Net-(R7-Pad2)")
  (net 150 /USB_Serial/RX_USB)
  (net 151 /USB_Serial/TX_USB)
  (net 152 /r1)
  (net 153 /r5)
  (net 154 /r2)
  (net 155 /r6)
  (net 156 /r3)
  (net 157 /r7)
  (net 158 /r4)
  (net 159 /r8)
  (net 160 /USB_Serial/USB_D+)
  (net 161 /USB_Serial/USB_D-)
  (net 162 /CS)
  (net 163 "Net-(R66-Pad1)")
  (net 164 "Net-(R67-Pad2)")
  (net 165 "Net-(R68-Pad1)")
  (net 166 "Net-(R69-Pad2)")
  (net 167 "Net-(R70-Pad2)")
  (net 168 "Net-(R71-Pad2)")
  (net 169 "Net-(R72-Pad2)")
  (net 170 "Net-(R73-Pad2)")
  (net 171 "Net-(TP9-Pad1)")
  (net 172 "Net-(TP10-Pad1)")
  (net 173 "Net-(TP11-Pad1)")
  (net 174 "Net-(TP12-Pad1)")
  (net 175 "Net-(TP13-Pad1)")
  (net 176 "Net-(TP14-Pad1)")
  (net 177 "Net-(TP15-Pad1)")
  (net 178 "Net-(TP16-Pad1)")
  (net 179 "Net-(TP17-Pad1)")
  (net 180 "Net-(TP18-Pad1)")
  (net 181 "Net-(TP19-Pad1)")
  (net 182 "Net-(TP20-Pad1)")
  (net 183 "Net-(TP21-Pad1)")
  (net 184 "Net-(TP22-Pad1)")
  (net 185 "Net-(TP23-Pad1)")
  (net 186 "Net-(TP24-Pad1)")
  (net 187 "Net-(TP25-Pad1)")
  (net 188 "Net-(TP26-Pad1)")
  (net 189 "Net-(TP27-Pad1)")
  (net 190 "Net-(TP28-Pad1)")
  (net 191 "Net-(TP29-Pad1)")
  (net 192 "Net-(TP30-Pad1)")
  (net 193 "Net-(TP31-Pad1)")
  (net 194 "Net-(TP32-Pad1)")
  (net 195 "Net-(TP33-Pad1)")
  (net 196 "Net-(TP34-Pad1)")
  (net 197 "Net-(TP35-Pad1)")
  (net 198 "Net-(TP36-Pad1)")
  (net 199 "Net-(TP37-Pad1)")
  (net 200 "Net-(TP38-Pad1)")
  (net 201 "Net-(TP39-Pad1)")
  (net 202 "Net-(TP40-Pad1)")
  (net 203 "Net-(TP41-Pad1)")
  (net 204 "Net-(TP42-Pad1)")
  (net 205 "Net-(TP43-Pad1)")
  (net 206 "Net-(TP44-Pad1)")
  (net 207 "Net-(TP45-Pad1)")
  (net 208 "Net-(TP46-Pad1)")
  (net 209 "Net-(TP47-Pad1)")
  (net 210 "Net-(TP48-Pad1)")
  (net 211 "Net-(TP49-Pad1)")
  (net 212 "Net-(J15-Pad4)")
  (net 213 /MOTOR_CURRENT)
  (net 214 /Ethernet/MISO_TRISTATE)
  (net 215 "Net-(J12-Pad2)")
  (net 216 "Net-(J12-Pad4)")
  (net 217 /USB_Serial/USB_SHIELD)
  (net 218 /USB_Serial/MICRO_D+)
  (net 219 /USB_Serial/MICRO_D-)
  (net 220 /USB_Serial/MICRO_TX)
  (net 221 /USB_Serial/MICRO_RX)
  (net 222 /USB_Serial/XVCC)
  (net 223 VCC)
  (net 224 "Net-(C42-Pad1)")
  (net 225 "Net-(C44-Pad1)")
  (net 226 "Net-(J1-Pad3)")
  (net 227 "Net-(F1-Pad2)")
  (net 228 "Net-(J3-Pad3)")
  (net 229 "Net-(J5-Pad3)")
  (net 230 "Net-(J7-Pad6)")
  (net 231 "Net-(J7-Pad7)")
  (net 232 "Net-(J7-Pad8)")
  (net 233 "Net-(J8-Pad10)")
  (net 234 /Ethernet/YELLOWLED)
  (net 235 /Ethernet/GREENLED)
  (net 236 "Net-(J16-Pad4)")
  (net 237 "Net-(U6-Pad5)")
  (net 238 "Net-(U6-Pad6)")
  (net 239 "Net-(U6-Pad7)")
  (net 240 "Net-(U6-Pad12)")
  (net 241 "Net-(U6-Pad14)")
  (net 242 "Net-(U6-Pad22)")
  (net 243 "Net-(U6-Pad23)")
  (net 244 "Net-(U6-Pad25)")
  (net 245 "Net-(U6-Pad26)")
  (net 246 "Net-(U8-Pad7)")
  (net 247 "Net-(U8-Pad12)")
  (net 248 "Net-(U8-Pad13)")
  (net 249 "Net-(U8-Pad18)")
  (net 250 "Net-(U8-Pad26)")
  (net 251 "Net-(U8-Pad38)")
  (net 252 "Net-(U8-Pad39)")
  (net 253 "Net-(U8-Pad40)")
  (net 254 "Net-(U8-Pad41)")
  (net 255 "Net-(U8-Pad42)")
  (net 256 "Net-(U8-Pad46)")
  (net 257 "Net-(U8-Pad47)")
  (net 258 "Net-(C45-Pad1)")
  (net 259 /Ethernet/TX-)
  (net 260 /Ethernet/TX+)
  (net 261 "Net-(U8-Pad24)")
  (net 262 "Net-(Q2-Pad1)")
  (net 263 "Net-(Q3-Pad1)")
  (net 264 "Net-(Q6-Pad1)")
  (net 265 "Net-(Q7-Pad3)")
  (net 266 "Net-(Q7-Pad1)")
  (net 267 "Net-(Q8-Pad3)")
  (net 268 "Net-(Q8-Pad1)")
  (net 269 "Net-(Q9-Pad1)")
  (net 270 "Net-(Q9-Pad3)")
  (net 271 "Net-(Q12-Pad1)")
  (net 272 "Net-(Q13-Pad1)")
  (net 273 "Net-(Q14-Pad1)")
  (net 274 "Net-(Q15-Pad3)")
  (net 275 "Net-(Q15-Pad1)")
  (net 276 "Net-(Q18-Pad1)")
  (net 277 "Net-(Q18-Pad3)")
  (net 278 "Net-(Q19-Pad1)")
  (net 279 "Net-(Q20-Pad1)")
  (net 280 "Net-(Q21-Pad1)")
  (net 281 "Net-(Q24-Pad1)")
  (net 282 "Net-(Q25-Pad1)")

  (net_class Default "This is the default net class."
    (clearance 0.2)
    (trace_width 0.25)
    (via_dia 0.8)
    (via_drill 0.4)
    (uvia_dia 0.3)
    (uvia_drill 0.1)
    (add_net +3V3)
    (add_net +5V)
    (add_net /BEEPER)
    (add_net /BTN_EN1)
    (add_net /BTN_EN2)
    (add_net /BTN_ENC)
    (add_net /CS)
    (add_net /DOOR_SW)
    (add_net /Ethernet/AGND)
    (add_net /Ethernet/AVDD)
    (add_net /Ethernet/GREENLED)
    (add_net /Ethernet/MISO_TRISTATE)
    (add_net /Ethernet/RX+)
    (add_net /Ethernet/RX-)
    (add_net /Ethernet/TX+)
    (add_net /Ethernet/TX-)
    (add_net /Ethernet/YELLOWLED)
    (add_net /LCD_CS)
    (add_net /LCD_PB)
    (add_net /LCD_SCL)
    (add_net /LCD_SDA)
    (add_net /MISO)
    (add_net /MOSI)
    (add_net /MOTOR_CURRENT)
    (add_net /MotorPower/col_1_motor)
    (add_net /MotorPower/col_2_motor)
    (add_net /MotorPower/col_3_motor)
    (add_net /MotorPower/col_4_motor)
    (add_net /MotorPower/col_5_motor)
    (add_net /MotorPower/col_6_motor)
    (add_net /MotorPower/col_7_motor)
    (add_net /MotorPower/col_8_motor)
    (add_net /MotorPower/motor_common_gnd)
    (add_net /MotorPower/row_a_motor)
    (add_net /MotorPower/row_b_motor)
    (add_net /MotorPower/row_c_motor)
    (add_net /MotorPower/row_d_motor)
    (add_net /MotorPower/row_e_motor)
    (add_net /MotorPower/row_f_motor)
    (add_net /MotorPower/row_g_motor)
    (add_net /MotorPower/row_h_motor)
    (add_net /RESET_DISPLAY)
    (add_net /RFID_BEEP)
    (add_net /RFID_DATA_0)
    (add_net /RFID_DATA_1)
    (add_net /RFID_GREEN_LED)
    (add_net /RFID_LED)
    (add_net /RFID_RED_LED)
    (add_net /RFID_RX)
    (add_net /RFID_TX)
    (add_net /RX_DISPLAY)
    (add_net /RX_MDB)
    (add_net /SCK)
    (add_net /SCL)
    (add_net /SDA)
    (add_net /TX_DISPLAY)
    (add_net /TX_MDB)
    (add_net /USB_Serial/8PB4)
    (add_net /USB_Serial/8PB5)
    (add_net /USB_Serial/8PB6)
    (add_net /USB_Serial/8PB7)
    (add_net /USB_Serial/DTR)
    (add_net /USB_Serial/MICRO_D+)
    (add_net /USB_Serial/MICRO_D-)
    (add_net /USB_Serial/MICRO_RX)
    (add_net /USB_Serial/MICRO_TX)
    (add_net /USB_Serial/MISO2)
    (add_net /USB_Serial/MOSI2)
    (add_net /USB_Serial/RXL)
    (add_net /USB_Serial/RX_USB)
    (add_net /USB_Serial/SCK2)
    (add_net /USB_Serial/TXL)
    (add_net /USB_Serial/TX_USB)
    (add_net /USB_Serial/USBVCC)
    (add_net /USB_Serial/USB_D+)
    (add_net /USB_Serial/USB_D-)
    (add_net /USB_Serial/USB_GND)
    (add_net /USB_Serial/USB_SHIELD)
    (add_net /USB_Serial/XVCC)
    (add_net /USB_Serial/~RESET2)
    (add_net /XTAL1)
    (add_net /XTAL2)
    (add_net /c1)
    (add_net /c2)
    (add_net /c3)
    (add_net /c4)
    (add_net /c5)
    (add_net /c6)
    (add_net /c7)
    (add_net /c8)
    (add_net /r1)
    (add_net /r2)
    (add_net /r3)
    (add_net /r4)
    (add_net /r5)
    (add_net /r6)
    (add_net /r7)
    (add_net /r8)
    (add_net /~RESET)
    (add_net GND)
    (add_net "Net-(C10-Pad1)")
    (add_net "Net-(C17-Pad1)")
    (add_net "Net-(C18-Pad1)")
    (add_net "Net-(C19-Pad1)")
    (add_net "Net-(C20-Pad1)")
    (add_net "Net-(C23-Pad2)")
    (add_net "Net-(C25-Pad2)")
    (add_net "Net-(C27-Pad1)")
    (add_net "Net-(C31-Pad1)")
    (add_net "Net-(C32-Pad1)")
    (add_net "Net-(C35-Pad1)")
    (add_net "Net-(C36-Pad1)")
    (add_net "Net-(C42-Pad1)")
    (add_net "Net-(C43-Pad1)")
    (add_net "Net-(C44-Pad1)")
    (add_net "Net-(C45-Pad1)")
    (add_net "Net-(C6-Pad1)")
    (add_net "Net-(C7-Pad1)")
    (add_net "Net-(C8-Pad1)")
    (add_net "Net-(C9-Pad1)")
    (add_net "Net-(D5-Pad2)")
    (add_net "Net-(D6-Pad2)")
    (add_net "Net-(F1-Pad2)")
    (add_net "Net-(J1-Pad3)")
    (add_net "Net-(J1-Pad5)")
    (add_net "Net-(J12-Pad10)")
    (add_net "Net-(J12-Pad2)")
    (add_net "Net-(J12-Pad4)")
    (add_net "Net-(J12-Pad6)")
    (add_net "Net-(J12-Pad8)")
    (add_net "Net-(J14-Pad1)")
    (add_net "Net-(J14-Pad10)")
    (add_net "Net-(J14-Pad11)")
    (add_net "Net-(J14-Pad12)")
    (add_net "Net-(J14-Pad13)")
    (add_net "Net-(J14-Pad14)")
    (add_net "Net-(J14-Pad15)")
    (add_net "Net-(J14-Pad16)")
    (add_net "Net-(J14-Pad17)")
    (add_net "Net-(J14-Pad18)")
    (add_net "Net-(J14-Pad19)")
    (add_net "Net-(J14-Pad2)")
    (add_net "Net-(J14-Pad20)")
    (add_net "Net-(J14-Pad21)")
    (add_net "Net-(J14-Pad22)")
    (add_net "Net-(J14-Pad23)")
    (add_net "Net-(J14-Pad24)")
    (add_net "Net-(J14-Pad25)")
    (add_net "Net-(J14-Pad26)")
    (add_net "Net-(J14-Pad27)")
    (add_net "Net-(J14-Pad28)")
    (add_net "Net-(J14-Pad29)")
    (add_net "Net-(J14-Pad3)")
    (add_net "Net-(J14-Pad30)")
    (add_net "Net-(J14-Pad4)")
    (add_net "Net-(J14-Pad5)")
    (add_net "Net-(J14-Pad6)")
    (add_net "Net-(J14-Pad7)")
    (add_net "Net-(J14-Pad8)")
    (add_net "Net-(J14-Pad9)")
    (add_net "Net-(J15-Pad4)")
    (add_net "Net-(J16-Pad4)")
    (add_net "Net-(J3-Pad3)")
    (add_net "Net-(J5-Pad3)")
    (add_net "Net-(J7-Pad6)")
    (add_net "Net-(J7-Pad7)")
    (add_net "Net-(J7-Pad8)")
    (add_net "Net-(J8-Pad1)")
    (add_net "Net-(J8-Pad10)")
    (add_net "Net-(J8-Pad2)")
    (add_net "Net-(J8-Pad4)")
    (add_net "Net-(J8-Pad6)")
    (add_net "Net-(J8-Pad7)")
    (add_net "Net-(JP1-Pad2)")
    (add_net "Net-(JP2-Pad2)")
    (add_net "Net-(Q1-Pad1)")
    (add_net "Net-(Q10-Pad1)")
    (add_net "Net-(Q10-Pad3)")
    (add_net "Net-(Q11-Pad1)")
    (add_net "Net-(Q12-Pad1)")
    (add_net "Net-(Q13-Pad1)")
    (add_net "Net-(Q14-Pad1)")
    (add_net "Net-(Q15-Pad1)")
    (add_net "Net-(Q15-Pad3)")
    (add_net "Net-(Q16-Pad1)")
    (add_net "Net-(Q16-Pad3)")
    (add_net "Net-(Q17-Pad1)")
    (add_net "Net-(Q17-Pad3)")
    (add_net "Net-(Q18-Pad1)")
    (add_net "Net-(Q18-Pad3)")
    (add_net "Net-(Q19-Pad1)")
    (add_net "Net-(Q2-Pad1)")
    (add_net "Net-(Q20-Pad1)")
    (add_net "Net-(Q21-Pad1)")
    (add_net "Net-(Q22-Pad1)")
    (add_net "Net-(Q23-Pad1)")
    (add_net "Net-(Q24-Pad1)")
    (add_net "Net-(Q25-Pad1)")
    (add_net "Net-(Q3-Pad1)")
    (add_net "Net-(Q4-Pad1)")
    (add_net "Net-(Q5-Pad1)")
    (add_net "Net-(Q6-Pad1)")
    (add_net "Net-(Q7-Pad1)")
    (add_net "Net-(Q7-Pad3)")
    (add_net "Net-(Q8-Pad1)")
    (add_net "Net-(Q8-Pad3)")
    (add_net "Net-(Q9-Pad1)")
    (add_net "Net-(Q9-Pad3)")
    (add_net "Net-(R66-Pad1)")
    (add_net "Net-(R67-Pad2)")
    (add_net "Net-(R68-Pad1)")
    (add_net "Net-(R69-Pad2)")
    (add_net "Net-(R7-Pad2)")
    (add_net "Net-(R70-Pad2)")
    (add_net "Net-(R71-Pad2)")
    (add_net "Net-(R72-Pad2)")
    (add_net "Net-(R73-Pad2)")
    (add_net "Net-(TP10-Pad1)")
    (add_net "Net-(TP11-Pad1)")
    (add_net "Net-(TP12-Pad1)")
    (add_net "Net-(TP13-Pad1)")
    (add_net "Net-(TP14-Pad1)")
    (add_net "Net-(TP15-Pad1)")
    (add_net "Net-(TP16-Pad1)")
    (add_net "Net-(TP17-Pad1)")
    (add_net "Net-(TP18-Pad1)")
    (add_net "Net-(TP19-Pad1)")
    (add_net "Net-(TP20-Pad1)")
    (add_net "Net-(TP21-Pad1)")
    (add_net "Net-(TP22-Pad1)")
    (add_net "Net-(TP23-Pad1)")
    (add_net "Net-(TP24-Pad1)")
    (add_net "Net-(TP25-Pad1)")
    (add_net "Net-(TP26-Pad1)")
    (add_net "Net-(TP27-Pad1)")
    (add_net "Net-(TP28-Pad1)")
    (add_net "Net-(TP29-Pad1)")
    (add_net "Net-(TP30-Pad1)")
    (add_net "Net-(TP31-Pad1)")
    (add_net "Net-(TP32-Pad1)")
    (add_net "Net-(TP33-Pad1)")
    (add_net "Net-(TP34-Pad1)")
    (add_net "Net-(TP35-Pad1)")
    (add_net "Net-(TP36-Pad1)")
    (add_net "Net-(TP37-Pad1)")
    (add_net "Net-(TP38-Pad1)")
    (add_net "Net-(TP39-Pad1)")
    (add_net "Net-(TP40-Pad1)")
    (add_net "Net-(TP41-Pad1)")
    (add_net "Net-(TP42-Pad1)")
    (add_net "Net-(TP43-Pad1)")
    (add_net "Net-(TP44-Pad1)")
    (add_net "Net-(TP45-Pad1)")
    (add_net "Net-(TP46-Pad1)")
    (add_net "Net-(TP47-Pad1)")
    (add_net "Net-(TP48-Pad1)")
    (add_net "Net-(TP49-Pad1)")
    (add_net "Net-(TP9-Pad1)")
    (add_net "Net-(U6-Pad12)")
    (add_net "Net-(U6-Pad14)")
    (add_net "Net-(U6-Pad22)")
    (add_net "Net-(U6-Pad23)")
    (add_net "Net-(U6-Pad25)")
    (add_net "Net-(U6-Pad26)")
    (add_net "Net-(U6-Pad5)")
    (add_net "Net-(U6-Pad6)")
    (add_net "Net-(U6-Pad7)")
    (add_net "Net-(U8-Pad12)")
    (add_net "Net-(U8-Pad13)")
    (add_net "Net-(U8-Pad18)")
    (add_net "Net-(U8-Pad24)")
    (add_net "Net-(U8-Pad26)")
    (add_net "Net-(U8-Pad38)")
    (add_net "Net-(U8-Pad39)")
    (add_net "Net-(U8-Pad40)")
    (add_net "Net-(U8-Pad41)")
    (add_net "Net-(U8-Pad42)")
    (add_net "Net-(U8-Pad46)")
    (add_net "Net-(U8-Pad47)")
    (add_net "Net-(U8-Pad7)")
    (add_net VCC)
  )

  (net_class "High Amp" ""
    (clearance 0.2)
    (trace_width 0.781437)
    (via_dia 0.8)
    (via_drill 0.4)
    (uvia_dia 0.3)
    (uvia_drill 0.1)
    (add_net +24V)
  )

  (module "Snack Machine:Keystone_3544-2" (layer F.Cu) (tedit 5C1B3251) (tstamp 5C1BB1EE)
    (at 228.728001 115.866001)
    (path /5C53C93E)
    (fp_text reference F1 (at 0 0.5) (layer F.SilkS)
      (effects (font (size 1 1) (thickness 0.15)))
    )
    (fp_text value 1A (at 0 -0.5) (layer F.Fab)
      (effects (font (size 1 1) (thickness 0.15)))
    )
    (fp_line (start -1.45 2.38) (end -1.45 -2.38) (layer F.SilkS) (width 0.15))
    (fp_line (start -1.45 2.38) (end 13.24 2.38) (layer F.SilkS) (width 0.15))
    (fp_line (start 13.24 -2.38) (end 13.24 2.38) (layer F.SilkS) (width 0.15))
    (fp_line (start -1.45 -2.38) (end 13.24 -2.38) (layer F.SilkS) (width 0.15))
    (pad 2 thru_hole circle (at 11.79 0) (size 3 3) (drill 1.65) (layers *.Cu *.Mask)
      (net 227 "Net-(F1-Pad2)"))
    (pad 2 thru_hole circle (at 8.13 0) (size 3 3) (drill 1.65) (layers *.Cu *.Mask)
      (net 227 "Net-(F1-Pad2)"))
    (pad 1 thru_hole circle (at 3.66 0) (size 3 3) (drill 1.65) (layers *.Cu *.Mask)
      (net 33 +24V))
    (pad 1 thru_hole circle (at 0 0) (size 3 3) (drill 1.65) (layers *.Cu *.Mask)
      (net 33 +24V))
  )

  (module "Snack Machine:Amphenol_10118193-0001LF" (layer F.Cu) (tedit 5C1B3204) (tstamp 5C1BB231)
    (at 248.778001 114.086)
    (path /5BCD883C/5BF07281)
    (fp_text reference J16 (at 0 0.5) (layer F.SilkS)
      (effects (font (size 1 1) (thickness 0.15)))
    )
    (fp_text value USB_B_Micro (at 0 -0.5) (layer F.Fab)
      (effects (font (size 1 1) (thickness 0.15)))
    )
    (fp_line (start -2.7 4.125) (end 5.3 4.125) (layer F.SilkS) (width 0.15))
    (pad 6 thru_hole oval (at 4.6 2.675) (size 0.9 1.6) (drill oval 0.5 1.2) (layers *.Cu *.Mask)
      (net 217 /USB_Serial/USB_SHIELD))
    (pad 6 thru_hole oval (at -2 2.675) (size 0.9 1.6) (drill oval 0.5 1.2) (layers *.Cu *.Mask)
      (net 217 /USB_Serial/USB_SHIELD))
    (pad 6 smd rect (at 2.5 2.675) (size 1.9 2) (layers F.Cu F.Paste F.Mask)
      (net 217 /USB_Serial/USB_SHIELD))
    (pad 6 smd rect (at 0.1 2.675) (size 1.9 2) (layers F.Cu F.Paste F.Mask)
      (net 217 /USB_Serial/USB_SHIELD))
    (pad 6 smd rect (at 4.5 0.225) (size 1.6 1.4) (layers F.Cu F.Paste F.Mask)
      (net 217 /USB_Serial/USB_SHIELD))
    (pad 6 smd rect (at -1.9 0.225) (size 1.6 1.4) (layers F.Cu F.Paste F.Mask)
      (net 217 /USB_Serial/USB_SHIELD))
    (pad 5 smd rect (at 2.6 0) (size 0.4 1.35) (layers F.Cu F.Paste F.Mask)
      (net 16 /USB_Serial/USB_GND))
    (pad 4 smd rect (at 1.95 0) (size 0.4 1.35) (layers F.Cu F.Paste F.Mask)
      (net 236 "Net-(J16-Pad4)"))
    (pad 3 smd rect (at 1.3 0) (size 0.4 1.35) (layers F.Cu F.Paste F.Mask)
      (net 160 /USB_Serial/USB_D+))
    (pad 2 smd rect (at 0.65 0) (size 0.4 1.35) (layers F.Cu F.Paste F.Mask)
      (net 161 /USB_Serial/USB_D-))
    (pad 1 smd rect (at 0 0) (size 0.4 1.35) (layers F.Cu F.Paste F.Mask)
      (net 222 /USB_Serial/XVCC))
  )

  (module Capacitor_SMD:C_0603_1608Metric_Pad1.05x0.95mm_HandSolder (layer F.Cu) (tedit 5B301BBE) (tstamp 5C28B9B3)
    (at 160.02 75.565 180)
    (descr "Capacitor SMD 0603 (1608 Metric), square (rectangular) end terminal, IPC_7351 nominal with elongated pad for handsoldering. (Body size source: http://www.tortai-tech.com/upload/download/2011102023233369053.pdf), generated with kicad-footprint-generator")
    (tags "capacitor handsolder")
    (path /5BB97ED7)
    (attr smd)
    (fp_text reference C5 (at 0 1.27 180) (layer F.SilkS)
      (effects (font (size 1 1) (thickness 0.15)))
    )
    (fp_text value 22pF (at 0 1.43 180) (layer F.Fab)
      (effects (font (size 1 1) (thickness 0.15)))
    )
    (fp_line (start -0.8 0.4) (end -0.8 -0.4) (layer F.Fab) (width 0.1))
    (fp_line (start -0.8 -0.4) (end 0.8 -0.4) (layer F.Fab) (width 0.1))
    (fp_line (start 0.8 -0.4) (end 0.8 0.4) (layer F.Fab) (width 0.1))
    (fp_line (start 0.8 0.4) (end -0.8 0.4) (layer F.Fab) (width 0.1))
    (fp_line (start -0.171267 -0.51) (end 0.171267 -0.51) (layer F.SilkS) (width 0.12))
    (fp_line (start -0.171267 0.51) (end 0.171267 0.51) (layer F.SilkS) (width 0.12))
    (fp_line (start -1.65 0.73) (end -1.65 -0.73) (layer F.CrtYd) (width 0.05))
    (fp_line (start -1.65 -0.73) (end 1.65 -0.73) (layer F.CrtYd) (width 0.05))
    (fp_line (start 1.65 -0.73) (end 1.65 0.73) (layer F.CrtYd) (width 0.05))
    (fp_line (start 1.65 0.73) (end -1.65 0.73) (layer F.CrtYd) (width 0.05))
    (fp_text user %R (at 0 0 180) (layer F.Fab)
      (effects (font (size 0.4 0.4) (thickness 0.06)))
    )
    (pad 1 smd roundrect (at -0.875 0 180) (size 1.05 0.95) (layers F.Cu F.Paste F.Mask) (roundrect_rratio 0.25)
      (net 1 /~RESET))
    (pad 2 smd roundrect (at 0.875 0 180) (size 1.05 0.95) (layers F.Cu F.Paste F.Mask) (roundrect_rratio 0.25)
      (net 2 GND))
    (model ${KISYS3DMOD}/Capacitor_SMD.3dshapes/C_0603_1608Metric.wrl
      (at (xyz 0 0 0))
      (scale (xyz 1 1 1))
      (rotate (xyz 0 0 0))
    )
  )

  (module Capacitor_SMD:C_0603_1608Metric_Pad1.05x0.95mm_HandSolder (layer F.Cu) (tedit 5C03BA52) (tstamp 5C286415)
    (at 161.53 97.79)
    (descr "Capacitor SMD 0603 (1608 Metric), square (rectangular) end terminal, IPC_7351 nominal with elongated pad for handsoldering. (Body size source: http://www.tortai-tech.com/upload/download/2011102023233369053.pdf), generated with kicad-footprint-generator")
    (tags "capacitor handsolder")
    (path /5C0356BD)
    (attr smd)
    (fp_text reference C6 (at -3.175 0) (layer F.SilkS)
      (effects (font (size 1 1) (thickness 0.15)))
    )
    (fp_text value OPEN (at 0 1.43) (layer F.Fab)
      (effects (font (size 1 1) (thickness 0.15)))
    )
    (fp_line (start -0.8 0.4) (end -0.8 -0.4) (layer F.Fab) (width 0.1))
    (fp_line (start -0.8 -0.4) (end 0.8 -0.4) (layer F.Fab) (width 0.1))
    (fp_line (start 0.8 -0.4) (end 0.8 0.4) (layer F.Fab) (width 0.1))
    (fp_line (start 0.8 0.4) (end -0.8 0.4) (layer F.Fab) (width 0.1))
    (fp_line (start -0.171267 -0.51) (end 0.171267 -0.51) (layer F.SilkS) (width 0.12))
    (fp_line (start -0.171267 0.51) (end 0.171267 0.51) (layer F.SilkS) (width 0.12))
    (fp_line (start -1.65 0.73) (end -1.65 -0.73) (layer F.CrtYd) (width 0.05))
    (fp_line (start -1.65 -0.73) (end 1.65 -0.73) (layer F.CrtYd) (width 0.05))
    (fp_line (start 1.65 -0.73) (end 1.65 0.73) (layer F.CrtYd) (width 0.05))
    (fp_line (start 1.65 0.73) (end -1.65 0.73) (layer F.CrtYd) (width 0.05))
    (fp_text user %R (at 0 0) (layer F.Fab)
      (effects (font (size 0.4 0.4) (thickness 0.06)))
    )
    (pad 1 smd roundrect (at -0.875 0) (size 1.05 0.95) (layers F.Cu F.Paste F.Mask) (roundrect_rratio 0.25)
      (net 3 "Net-(C6-Pad1)"))
    (pad 2 smd roundrect (at 0.875 0) (size 1.05 0.95) (layers F.Cu F.Paste F.Mask) (roundrect_rratio 0.25)
      (net 2 GND))
    (model ${KISYS3DMOD}/Capacitor_SMD.3dshapes/C_0603_1608Metric.wrl
      (at (xyz 0 0 0))
      (scale (xyz 1 1 1))
      (rotate (xyz 0 0 0))
    )
  )

  (module Capacitor_SMD:C_0603_1608Metric_Pad1.05x0.95mm_HandSolder (layer B.Cu) (tedit 5C03B828) (tstamp 5BFFF13B)
    (at 177.165 96.885)
    (descr "Capacitor SMD 0603 (1608 Metric), square (rectangular) end terminal, IPC_7351 nominal with elongated pad for handsoldering. (Body size source: http://www.tortai-tech.com/upload/download/2011102023233369053.pdf), generated with kicad-footprint-generator")
    (tags "capacitor handsolder")
    (path /5C865168)
    (attr smd)
    (fp_text reference C7 (at -2.54 0) (layer B.SilkS)
      (effects (font (size 1 1) (thickness 0.15)) (justify mirror))
    )
    (fp_text value OPEN (at 0 -1.43) (layer B.Fab)
      (effects (font (size 1 1) (thickness 0.15)) (justify mirror))
    )
    (fp_line (start -0.8 -0.4) (end -0.8 0.4) (layer B.Fab) (width 0.1))
    (fp_line (start -0.8 0.4) (end 0.8 0.4) (layer B.Fab) (width 0.1))
    (fp_line (start 0.8 0.4) (end 0.8 -0.4) (layer B.Fab) (width 0.1))
    (fp_line (start 0.8 -0.4) (end -0.8 -0.4) (layer B.Fab) (width 0.1))
    (fp_line (start -0.171267 0.51) (end 0.171267 0.51) (layer B.SilkS) (width 0.12))
    (fp_line (start -0.171267 -0.51) (end 0.171267 -0.51) (layer B.SilkS) (width 0.12))
    (fp_line (start -1.65 -0.73) (end -1.65 0.73) (layer B.CrtYd) (width 0.05))
    (fp_line (start -1.65 0.73) (end 1.65 0.73) (layer B.CrtYd) (width 0.05))
    (fp_line (start 1.65 0.73) (end 1.65 -0.73) (layer B.CrtYd) (width 0.05))
    (fp_line (start 1.65 -0.73) (end -1.65 -0.73) (layer B.CrtYd) (width 0.05))
    (fp_text user %R (at 0 0) (layer B.Fab)
      (effects (font (size 0.4 0.4) (thickness 0.06)) (justify mirror))
    )
    (pad 1 smd roundrect (at -0.875 0) (size 1.05 0.95) (layers B.Cu B.Paste B.Mask) (roundrect_rratio 0.25)
      (net 4 "Net-(C7-Pad1)"))
    (pad 2 smd roundrect (at 0.875 0) (size 1.05 0.95) (layers B.Cu B.Paste B.Mask) (roundrect_rratio 0.25)
      (net 2 GND))
    (model ${KISYS3DMOD}/Capacitor_SMD.3dshapes/C_0603_1608Metric.wrl
      (at (xyz 0 0 0))
      (scale (xyz 1 1 1))
      (rotate (xyz 0 0 0))
    )
  )

  (module Capacitor_SMD:C_0603_1608Metric_Pad1.05x0.95mm_HandSolder (layer F.Cu) (tedit 5C03BA66) (tstamp 5BFFF10B)
    (at 161.53 92.075)
    (descr "Capacitor SMD 0603 (1608 Metric), square (rectangular) end terminal, IPC_7351 nominal with elongated pad for handsoldering. (Body size source: http://www.tortai-tech.com/upload/download/2011102023233369053.pdf), generated with kicad-footprint-generator")
    (tags "capacitor handsolder")
    (path /5C0356B6)
    (attr smd)
    (fp_text reference C8 (at -3.175 0) (layer F.SilkS)
      (effects (font (size 1 1) (thickness 0.15)))
    )
    (fp_text value OPEN (at 0 1.43) (layer F.Fab)
      (effects (font (size 1 1) (thickness 0.15)))
    )
    (fp_text user %R (at 0 0) (layer F.Fab)
      (effects (font (size 0.4 0.4) (thickness 0.06)))
    )
    (fp_line (start 1.65 0.73) (end -1.65 0.73) (layer F.CrtYd) (width 0.05))
    (fp_line (start 1.65 -0.73) (end 1.65 0.73) (layer F.CrtYd) (width 0.05))
    (fp_line (start -1.65 -0.73) (end 1.65 -0.73) (layer F.CrtYd) (width 0.05))
    (fp_line (start -1.65 0.73) (end -1.65 -0.73) (layer F.CrtYd) (width 0.05))
    (fp_line (start -0.171267 0.51) (end 0.171267 0.51) (layer F.SilkS) (width 0.12))
    (fp_line (start -0.171267 -0.51) (end 0.171267 -0.51) (layer F.SilkS) (width 0.12))
    (fp_line (start 0.8 0.4) (end -0.8 0.4) (layer F.Fab) (width 0.1))
    (fp_line (start 0.8 -0.4) (end 0.8 0.4) (layer F.Fab) (width 0.1))
    (fp_line (start -0.8 -0.4) (end 0.8 -0.4) (layer F.Fab) (width 0.1))
    (fp_line (start -0.8 0.4) (end -0.8 -0.4) (layer F.Fab) (width 0.1))
    (pad 2 smd roundrect (at 0.875 0) (size 1.05 0.95) (layers F.Cu F.Paste F.Mask) (roundrect_rratio 0.25)
      (net 2 GND))
    (pad 1 smd roundrect (at -0.875 0) (size 1.05 0.95) (layers F.Cu F.Paste F.Mask) (roundrect_rratio 0.25)
      (net 5 "Net-(C8-Pad1)"))
    (model ${KISYS3DMOD}/Capacitor_SMD.3dshapes/C_0603_1608Metric.wrl
      (at (xyz 0 0 0))
      (scale (xyz 1 1 1))
      (rotate (xyz 0 0 0))
    )
  )

  (module Capacitor_SMD:C_0603_1608Metric_Pad1.05x0.95mm_HandSolder (layer B.Cu) (tedit 5B301BBE) (tstamp 5BFFF0DB)
    (at 177.165 91.922)
    (descr "Capacitor SMD 0603 (1608 Metric), square (rectangular) end terminal, IPC_7351 nominal with elongated pad for handsoldering. (Body size source: http://www.tortai-tech.com/upload/download/2011102023233369053.pdf), generated with kicad-footprint-generator")
    (tags "capacitor handsolder")
    (path /5C8650B6)
    (attr smd)
    (fp_text reference C9 (at -2.54 0.153) (layer B.SilkS)
      (effects (font (size 1 1) (thickness 0.15)) (justify mirror))
    )
    (fp_text value OPEN (at 0 -1.43) (layer B.Fab)
      (effects (font (size 1 1) (thickness 0.15)) (justify mirror))
    )
    (fp_text user %R (at 0 0) (layer B.Fab)
      (effects (font (size 0.4 0.4) (thickness 0.06)) (justify mirror))
    )
    (fp_line (start 1.65 -0.73) (end -1.65 -0.73) (layer B.CrtYd) (width 0.05))
    (fp_line (start 1.65 0.73) (end 1.65 -0.73) (layer B.CrtYd) (width 0.05))
    (fp_line (start -1.65 0.73) (end 1.65 0.73) (layer B.CrtYd) (width 0.05))
    (fp_line (start -1.65 -0.73) (end -1.65 0.73) (layer B.CrtYd) (width 0.05))
    (fp_line (start -0.171267 -0.51) (end 0.171267 -0.51) (layer B.SilkS) (width 0.12))
    (fp_line (start -0.171267 0.51) (end 0.171267 0.51) (layer B.SilkS) (width 0.12))
    (fp_line (start 0.8 -0.4) (end -0.8 -0.4) (layer B.Fab) (width 0.1))
    (fp_line (start 0.8 0.4) (end 0.8 -0.4) (layer B.Fab) (width 0.1))
    (fp_line (start -0.8 0.4) (end 0.8 0.4) (layer B.Fab) (width 0.1))
    (fp_line (start -0.8 -0.4) (end -0.8 0.4) (layer B.Fab) (width 0.1))
    (pad 2 smd roundrect (at 0.875 0) (size 1.05 0.95) (layers B.Cu B.Paste B.Mask) (roundrect_rratio 0.25)
      (net 2 GND))
    (pad 1 smd roundrect (at -0.875 0) (size 1.05 0.95) (layers B.Cu B.Paste B.Mask) (roundrect_rratio 0.25)
      (net 6 "Net-(C9-Pad1)"))
    (model ${KISYS3DMOD}/Capacitor_SMD.3dshapes/C_0603_1608Metric.wrl
      (at (xyz 0 0 0))
      (scale (xyz 1 1 1))
      (rotate (xyz 0 0 0))
    )
  )

  (module Capacitor_SMD:C_0603_1608Metric_Pad1.05x0.95mm_HandSolder (layer F.Cu) (tedit 5B301BBE) (tstamp 5BFFF0AB)
    (at 143.891 89.154)
    (descr "Capacitor SMD 0603 (1608 Metric), square (rectangular) end terminal, IPC_7351 nominal with elongated pad for handsoldering. (Body size source: http://www.tortai-tech.com/upload/download/2011102023233369053.pdf), generated with kicad-footprint-generator")
    (tags "capacitor handsolder")
    (path /5C1D17D4)
    (attr smd)
    (fp_text reference C10 (at 0 -1.43) (layer F.SilkS)
      (effects (font (size 1 1) (thickness 0.15)))
    )
    (fp_text value 100nF (at 0 1.43) (layer F.Fab)
      (effects (font (size 1 1) (thickness 0.15)))
    )
    (fp_line (start -0.8 0.4) (end -0.8 -0.4) (layer F.Fab) (width 0.1))
    (fp_line (start -0.8 -0.4) (end 0.8 -0.4) (layer F.Fab) (width 0.1))
    (fp_line (start 0.8 -0.4) (end 0.8 0.4) (layer F.Fab) (width 0.1))
    (fp_line (start 0.8 0.4) (end -0.8 0.4) (layer F.Fab) (width 0.1))
    (fp_line (start -0.171267 -0.51) (end 0.171267 -0.51) (layer F.SilkS) (width 0.12))
    (fp_line (start -0.171267 0.51) (end 0.171267 0.51) (layer F.SilkS) (width 0.12))
    (fp_line (start -1.65 0.73) (end -1.65 -0.73) (layer F.CrtYd) (width 0.05))
    (fp_line (start -1.65 -0.73) (end 1.65 -0.73) (layer F.CrtYd) (width 0.05))
    (fp_line (start 1.65 -0.73) (end 1.65 0.73) (layer F.CrtYd) (width 0.05))
    (fp_line (start 1.65 0.73) (end -1.65 0.73) (layer F.CrtYd) (width 0.05))
    (fp_text user %R (at 0 0) (layer F.Fab)
      (effects (font (size 0.4 0.4) (thickness 0.06)))
    )
    (pad 1 smd roundrect (at -0.875 0) (size 1.05 0.95) (layers F.Cu F.Paste F.Mask) (roundrect_rratio 0.25)
      (net 7 "Net-(C10-Pad1)"))
    (pad 2 smd roundrect (at 0.875 0) (size 1.05 0.95) (layers F.Cu F.Paste F.Mask) (roundrect_rratio 0.25)
      (net 2 GND))
    (model ${KISYS3DMOD}/Capacitor_SMD.3dshapes/C_0603_1608Metric.wrl
      (at (xyz 0 0 0))
      (scale (xyz 1 1 1))
      (rotate (xyz 0 0 0))
    )
  )

  (module Capacitor_SMD:C_0603_1608Metric_Pad1.05x0.95mm_HandSolder (layer F.Cu) (tedit 5B301BBE) (tstamp 5BFFF07B)
    (at 135.382 99.314 270)
    (descr "Capacitor SMD 0603 (1608 Metric), square (rectangular) end terminal, IPC_7351 nominal with elongated pad for handsoldering. (Body size source: http://www.tortai-tech.com/upload/download/2011102023233369053.pdf), generated with kicad-footprint-generator")
    (tags "capacitor handsolder")
    (path /5B86B191)
    (attr smd)
    (fp_text reference C11 (at -3.302 0 270) (layer F.SilkS)
      (effects (font (size 1 1) (thickness 0.15)))
    )
    (fp_text value 100nF (at 0 1.43 270) (layer F.Fab)
      (effects (font (size 1 1) (thickness 0.15)))
    )
    (fp_text user %R (at 0 0 270) (layer F.Fab)
      (effects (font (size 0.4 0.4) (thickness 0.06)))
    )
    (fp_line (start 1.65 0.73) (end -1.65 0.73) (layer F.CrtYd) (width 0.05))
    (fp_line (start 1.65 -0.73) (end 1.65 0.73) (layer F.CrtYd) (width 0.05))
    (fp_line (start -1.65 -0.73) (end 1.65 -0.73) (layer F.CrtYd) (width 0.05))
    (fp_line (start -1.65 0.73) (end -1.65 -0.73) (layer F.CrtYd) (width 0.05))
    (fp_line (start -0.171267 0.51) (end 0.171267 0.51) (layer F.SilkS) (width 0.12))
    (fp_line (start -0.171267 -0.51) (end 0.171267 -0.51) (layer F.SilkS) (width 0.12))
    (fp_line (start 0.8 0.4) (end -0.8 0.4) (layer F.Fab) (width 0.1))
    (fp_line (start 0.8 -0.4) (end 0.8 0.4) (layer F.Fab) (width 0.1))
    (fp_line (start -0.8 -0.4) (end 0.8 -0.4) (layer F.Fab) (width 0.1))
    (fp_line (start -0.8 0.4) (end -0.8 -0.4) (layer F.Fab) (width 0.1))
    (pad 2 smd roundrect (at 0.875 0 270) (size 1.05 0.95) (layers F.Cu F.Paste F.Mask) (roundrect_rratio 0.25)
      (net 2 GND))
    (pad 1 smd roundrect (at -0.875 0 270) (size 1.05 0.95) (layers F.Cu F.Paste F.Mask) (roundrect_rratio 0.25)
      (net 8 +5V))
    (model ${KISYS3DMOD}/Capacitor_SMD.3dshapes/C_0603_1608Metric.wrl
      (at (xyz 0 0 0))
      (scale (xyz 1 1 1))
      (rotate (xyz 0 0 0))
    )
  )

  (module Capacitor_SMD:C_0603_1608Metric_Pad1.05x0.95mm_HandSolder (layer F.Cu) (tedit 5B301BBE) (tstamp 5C28CE98)
    (at 139.46 111.125)
    (descr "Capacitor SMD 0603 (1608 Metric), square (rectangular) end terminal, IPC_7351 nominal with elongated pad for handsoldering. (Body size source: http://www.tortai-tech.com/upload/download/2011102023233369053.pdf), generated with kicad-footprint-generator")
    (tags "capacitor handsolder")
    (path /5BB17217)
    (attr smd)
    (fp_text reference C12 (at 0 1.905) (layer F.SilkS)
      (effects (font (size 1 1) (thickness 0.15)))
    )
    (fp_text value 100nF (at 0 1.43) (layer F.Fab)
      (effects (font (size 1 1) (thickness 0.15)))
    )
    (fp_line (start -0.8 0.4) (end -0.8 -0.4) (layer F.Fab) (width 0.1))
    (fp_line (start -0.8 -0.4) (end 0.8 -0.4) (layer F.Fab) (width 0.1))
    (fp_line (start 0.8 -0.4) (end 0.8 0.4) (layer F.Fab) (width 0.1))
    (fp_line (start 0.8 0.4) (end -0.8 0.4) (layer F.Fab) (width 0.1))
    (fp_line (start -0.171267 -0.51) (end 0.171267 -0.51) (layer F.SilkS) (width 0.12))
    (fp_line (start -0.171267 0.51) (end 0.171267 0.51) (layer F.SilkS) (width 0.12))
    (fp_line (start -1.65 0.73) (end -1.65 -0.73) (layer F.CrtYd) (width 0.05))
    (fp_line (start -1.65 -0.73) (end 1.65 -0.73) (layer F.CrtYd) (width 0.05))
    (fp_line (start 1.65 -0.73) (end 1.65 0.73) (layer F.CrtYd) (width 0.05))
    (fp_line (start 1.65 0.73) (end -1.65 0.73) (layer F.CrtYd) (width 0.05))
    (fp_text user %R (at 0 0) (layer F.Fab)
      (effects (font (size 0.4 0.4) (thickness 0.06)))
    )
    (pad 1 smd roundrect (at -0.875 0) (size 1.05 0.95) (layers F.Cu F.Paste F.Mask) (roundrect_rratio 0.25)
      (net 8 +5V))
    (pad 2 smd roundrect (at 0.875 0) (size 1.05 0.95) (layers F.Cu F.Paste F.Mask) (roundrect_rratio 0.25)
      (net 2 GND))
    (model ${KISYS3DMOD}/Capacitor_SMD.3dshapes/C_0603_1608Metric.wrl
      (at (xyz 0 0 0))
      (scale (xyz 1 1 1))
      (rotate (xyz 0 0 0))
    )
  )

  (module Capacitor_SMD:C_0603_1608Metric_Pad1.05x0.95mm_HandSolder (layer F.Cu) (tedit 5B301BBE) (tstamp 5BFFF01B)
    (at 157.48 101.092 90)
    (descr "Capacitor SMD 0603 (1608 Metric), square (rectangular) end terminal, IPC_7351 nominal with elongated pad for handsoldering. (Body size source: http://www.tortai-tech.com/upload/download/2011102023233369053.pdf), generated with kicad-footprint-generator")
    (tags "capacitor handsolder")
    (path /5BB86B6A)
    (attr smd)
    (fp_text reference C13 (at 0 -1.43 90) (layer F.SilkS)
      (effects (font (size 1 1) (thickness 0.15)))
    )
    (fp_text value 100nF (at 0 1.43 90) (layer F.Fab)
      (effects (font (size 1 1) (thickness 0.15)))
    )
    (fp_line (start -0.8 0.4) (end -0.8 -0.4) (layer F.Fab) (width 0.1))
    (fp_line (start -0.8 -0.4) (end 0.8 -0.4) (layer F.Fab) (width 0.1))
    (fp_line (start 0.8 -0.4) (end 0.8 0.4) (layer F.Fab) (width 0.1))
    (fp_line (start 0.8 0.4) (end -0.8 0.4) (layer F.Fab) (width 0.1))
    (fp_line (start -0.171267 -0.51) (end 0.171267 -0.51) (layer F.SilkS) (width 0.12))
    (fp_line (start -0.171267 0.51) (end 0.171267 0.51) (layer F.SilkS) (width 0.12))
    (fp_line (start -1.65 0.73) (end -1.65 -0.73) (layer F.CrtYd) (width 0.05))
    (fp_line (start -1.65 -0.73) (end 1.65 -0.73) (layer F.CrtYd) (width 0.05))
    (fp_line (start 1.65 -0.73) (end 1.65 0.73) (layer F.CrtYd) (width 0.05))
    (fp_line (start 1.65 0.73) (end -1.65 0.73) (layer F.CrtYd) (width 0.05))
    (fp_text user %R (at 0 0 90) (layer F.Fab)
      (effects (font (size 0.4 0.4) (thickness 0.06)))
    )
    (pad 1 smd roundrect (at -0.875 0 90) (size 1.05 0.95) (layers F.Cu F.Paste F.Mask) (roundrect_rratio 0.25)
      (net 8 +5V))
    (pad 2 smd roundrect (at 0.875 0 90) (size 1.05 0.95) (layers F.Cu F.Paste F.Mask) (roundrect_rratio 0.25)
      (net 2 GND))
    (model ${KISYS3DMOD}/Capacitor_SMD.3dshapes/C_0603_1608Metric.wrl
      (at (xyz 0 0 0))
      (scale (xyz 1 1 1))
      (rotate (xyz 0 0 0))
    )
  )

  (module Capacitor_SMD:C_0603_1608Metric_Pad1.05x0.95mm_HandSolder (layer F.Cu) (tedit 5B301BBE) (tstamp 5BFFEFEB)
    (at 149.86 89.154 180)
